60883286
159463324
241305160
316769177
486278077
892552743
1200328584
1511740310
60883286
159463324
241305160
316769177
486278077
892552743
1200328584
1511740310
60883286
159463324
241305160
316769177
486278077
892552743
1200328584
1511740310
60883286
159463324
241305160
316769177
486278077
892552743
1200328584
1511740310
60883286
159463324
241305160
316769177
486278077
892552743
1200328584
1511740310
60883286
159463324
241305160
316769177
486278077
892552743
1200328584
1511740310
60883286
159463324
241305160
316769177
486278077
892552743
1200328584
1511740310
60883286
159463324
241305160
316769177
486278077
892552743
1200328584
1511740310
60883286
159463324
241305160
316769177
486278077
892552743
1200328584
1511740310
60883286
159463324
241305160
316769177
486278077
892552743
1200328584
1511740310
